[Rgb]
device_id = "/dev/v4l/by-id/usb-e-con_Systems_See3CAM_CU20_180B0204-video-index0"
width = 1920
height = 1080
fps = 30
fx = 899.504821777
fy = 900.259155273
cx = 957.859893277
cy = 544.152366834
k1 = 0.0104997471905
k2 = 0.0250496601856
k3 = -0.00981259874859
k4 = -0.00662745771512
